q << 0, 0, 0, 0, 0, 0, 0;
qd << M_PI / 8, M_PI / 8, M_PI / 8, M_PI / 8, M_PI / 8, M_PI / 8, M_PI / 8;


FK: 0
1 0 0 0
0 1 0 0
0 0 1 0
0 0 0 1

FK: 1
   1    0    0    0
   0    1    0    0
   0    0    1 0.08
   0    0    0    1

FK: 2
 4.89653e-12           -1  4.89653e-12        0.081
           0  4.89653e-12            1         0.05
          -1 -4.89653e-12            0        0.317
           0            0            0            1

FK: 3
 4.89664e-12 -1.19881e-23            1        0.221
-5.55112e-17            1  1.19884e-23       0.1925
          -1 -5.55112e-17  4.89664e-12        0.317
           0            0            0            1

FK: 4
 4.89653e-12           -1  4.89653e-12        0.481
           0  4.89653e-12            1       0.1505
          -1 -4.89653e-12            0        0.317
           0            0            0            1

FK: 5
 4.89664e-12 -1.19881e-23            1        0.606
-5.55112e-17            1  1.19884e-23        0.024
          -1 -5.55112e-17  4.89664e-12        0.317
           0            0            0            1

FK: 6
 4.89653e-12           -1  4.89653e-12        0.881
           0  4.89653e-12            1        0.055
          -1 -4.89653e-12            0        0.317
           0            0            0            1

FK: 7
  7.2348e-06  1.27567e-06            1        0.991
    0.173645    -0.984808 -7.43294e-14       0.1603
    0.984808     0.173645 -7.34641e-06        0.317
           0            0            0            1

FK: 8
 1.27567e-06  -7.2348e-06            1       1.0155
   -0.984808    -0.173646  -7.4607e-14       0.1603
    0.173646    -0.984808 -7.34641e-06        0.317
           0            0            0            1


COM TRANSLATION:
0.024366 0.010969  0.22363
0.107811 0.142521 0.320085
0.35682 0.177533  0.31716
0.5091 0.066346 0.321814
0.7401 0.0309001  0.318884
0.904697 0.131416 0.310887
0.986043 0.151845 0.318483


JACOBIAN:
     -0.1603 -1.79982e-07   1.5767e-13 -1.79984e-07 -6.67404e-13 -1.79986e-07 -7.93185e-23
      1.0155 -5.09939e-17  1.79987e-07 -2.87894e-17  1.79987e-07 -6.58493e-18  2.62918e-17
           0      -0.9345      -0.0322      -0.5345       0.1363      -0.1345 -1.07969e-17
           0  4.89658e-12            1  4.89658e-12            1  4.89658e-12            1
           0            1            0            1            0            1 -7.43294e-14
           1 -5.55112e-17  4.89658e-12 -5.55112e-17  4.89658e-12 -5.55112e-17 -7.34641e-06



COM JACOBIAN:
-0.010969         0         0         0         0         0         0
 0.024366         0         0         0         0         0         0
        0         0         0         0         0         0         0
        0         0         0         0         0         0         0
        0         0         0         0         0         0         0
        1         0         0         0         0         0         0

   -0.142521    0.0030849            0            0            0            0            0
    0.107811  -1.5107e-14            0            0            0            0            0
           0    -0.026811            0            0            0            0            0
           0  4.89658e-12            0            0            0            0            0
           0            1            0            0            0            0            0
           1 -5.55112e-17            0            0            0            0            0

   -0.177533   0.00016044  7.32872e-14            0            0            0            0
     0.35682 -8.00919e-16  -0.00016044            0            0            0            0
           0     -0.27582    -0.014967            0            0            0            0
           0  4.89658e-12            1            0            0            0            0
           0            1            0            0            0            0            0
           1 -5.55112e-17  4.89658e-12            0            0            0            0

   -0.066346    0.0048135  6.17724e-13    0.0048135            0            0            0
      0.5091 -2.35935e-14   -0.0048135 -2.35713e-14            0            0            0
           0      -0.4281    -0.126154      -0.0281            0            0            0
           0  4.89658e-12            1  4.89658e-12            0            0            0
           0            1            0            1            0            0            0
           1 -5.55112e-17  4.89658e-12 -5.55112e-17            0            0            0

  -0.0309001    0.0018844  7.91287e-13    0.0018844 -3.37869e-14            0            0
      0.7401 -9.26371e-15   -0.0018844  -9.2415e-15   -0.0018844            0            0
           0      -0.6591      -0.1616      -0.2591    0.0069001            0            0
           0  4.89658e-12            1  4.89658e-12            1            0            0
           0            1            0            1            0            0            0
           1 -5.55112e-17  4.89658e-12 -5.55112e-17  4.89658e-12            0            0

   -0.131416   -0.0061133  2.99103e-13   -0.0061133 -5.25971e-13   -0.0061133            0
    0.904697  2.98886e-14    0.0061133  2.99108e-14    0.0061133   2.9933e-14            0
           0    -0.823697    -0.061084    -0.423697     0.107416    -0.023697            0
           0  4.89658e-12            1  4.89658e-12            1  4.89658e-12            0
           0            1            0            1            0            1            0
           1 -5.55112e-17  4.89658e-12 -5.55112e-17  4.89658e-12 -5.55112e-17            0

   -0.151845   0.00148262   1.9907e-13   0.00148262 -6.26005e-13   0.00148262 -6.21124e-08
    0.986043 -7.31003e-15  -0.00148262 -7.28782e-15  -0.00148262 -7.26562e-15  -0.00148259
           0    -0.905043   -0.0406548    -0.505043     0.127845    -0.105043   -0.0084548
           0  4.89658e-12            1  4.89658e-12            1  4.89658e-12            1
           0            1            0            1            0            1 -7.43294e-14
           1 -5.55112e-17  4.89658e-12 -5.55112e-17  4.89658e-12 -5.55112e-17 -7.34641e-06


PARTIAL JACOBIAN:
     -1.0155  5.09939e-17 -1.79987e-07  2.87894e-17 -1.79987e-07  6.58493e-18 -2.62918e-17
     -0.1603 -1.79982e-07   1.5767e-13 -1.79984e-07 -6.67404e-13 -1.79986e-07 -7.93185e-23
           0            0            0            0            0            0            0
           0           -1            0           -1            0           -1  7.43294e-14
           0  4.89658e-12            1  4.89658e-12            1  4.89658e-12            1
           0            0            0            0            0            0           -0

 5.09939e-17      -0.9345      -0.0322      -0.5345       0.1363      -0.1345 -1.07969e-17
-1.79982e-07  4.57586e-12   1.5767e-13  2.61722e-12 -6.67404e-13   6.5859e-13   5.2868e-29
           0  1.79982e-07 -1.57669e-13  1.79984e-07  6.67405e-13  1.79986e-07  7.93186e-23
           0            0  4.89658e-12            0  4.89658e-12            0 -7.34641e-06
           0            0 -5.55112e-17            0 -5.55112e-17            0 -1.95389e-17
           0            0           -1            0           -1            0           -1

-1.79987e-07      -0.0322 -8.81322e-19   1.4097e-28 -8.81322e-19  3.22437e-29  -1.2874e-28
  1.5767e-13   1.5767e-13       0.0322       0.5345      -0.1363       0.1345  1.07969e-17
           0 -1.57669e-13  1.79987e-07 -2.87894e-17  1.79987e-07 -6.58493e-18  2.62918e-17
           0            0            0 -4.89658e-12            0 -4.89658e-12   3.6396e-25
           0            0            0  5.55112e-17            0  5.55112e-17  7.34641e-06
           0            0            0            1            0            1 -7.43294e-14

 2.87894e-17      -0.5345   1.4097e-28      -0.5345       0.1363      -0.1345 -1.07969e-17
-1.79984e-07  2.61722e-12       0.5345  2.61722e-12 -6.67404e-13   6.5859e-13   5.2868e-29
           0  1.79984e-07 -2.87894e-17  1.79984e-07  6.67405e-13  1.79986e-07  7.93186e-23
           0            0            0            0  4.89658e-12            0 -7.34641e-06
           0            0            0            0 -5.55112e-17            0 -1.95389e-17
           0            0            0            0           -1            0           -1

-1.79987e-07       0.1363 -8.81322e-19       0.1363 -8.81322e-19  3.22437e-29  -1.2874e-28
-6.67404e-13 -6.67404e-13      -0.1363 -6.67404e-13      -0.1363       0.1345  1.07969e-17
           0  6.67405e-13  1.79987e-07  6.67405e-13  1.79987e-07 -6.58493e-18  2.62918e-17
           0            0            0            0            0 -4.89658e-12   3.6396e-25
           0            0            0            0            0  5.55112e-17  7.34641e-06
           0            0            0            0            0            1 -7.43294e-14

 6.58493e-18      -0.1345  3.22437e-29      -0.1345  3.22437e-29      -0.1345 -1.07969e-17
-1.79986e-07   6.5859e-13       0.1345   6.5859e-13       0.1345   6.5859e-13   5.2868e-29
           0  1.79986e-07 -6.58493e-18  1.79986e-07 -6.58493e-18  1.79986e-07  7.93186e-23
           0            0            0            0            0            0 -7.34641e-06
           0            0            0            0            0            0 -1.95389e-17
           0            0            0            0            0            0           -1

-2.62918e-17 -1.07969e-17  -1.2874e-28 -1.07969e-17  -1.2874e-28 -1.07969e-17   1.9315e-22
-7.93185e-23   5.2868e-29  1.07969e-17   5.2868e-29  1.07969e-17   5.2868e-29  1.07969e-17
           0  7.93186e-23  2.62918e-17  7.93186e-23  2.62918e-17  7.93186e-23  2.62918e-17
           0            0            0            0            0            0            0
           0            0            0            0            0            0            0
           0            0            0            0            0            0            0


GRAVITY TORQUE VECTOR:
-4.77431e-17
-39.1952
-6.19512
-11.6478
2.13474
-0.702463
-0.0273044


JOINT SPACE INERTIA MATRIX:
     3.43124  -0.00174199  0.000310788 -8.09816e-07   0.00658554   0.00114987 -0.000483096
 -0.00174199      2.47609     0.347951     0.940123    -0.179182    0.0652485   0.00252727
 0.000310788     0.347951    0.0905885     0.101911  -0.00844869   0.00483153  0.000473649
-8.09816e-07     0.940123     0.101911     0.465186   -0.0921387    0.0366058   0.00141395
  0.00658554    -0.179182  -0.00844869   -0.0921387    0.0282183  -0.00723422  4.65953e-06
  0.00114987    0.0652485   0.00483153    0.0366058  -0.00723422   0.00796305  0.000300618
-0.000483096   0.00252727  0.000473649   0.00141395  4.65953e-06  0.000300618  0.000384026


CORIOLIS VECTOR:
    0.452721
 -0.00625566
 -0.00211526
 -0.00412307
  0.00115985
   0.0041215
-0.000170478